A, B Clean_Punctuation BERT kmeans
Recall:0.214
F1:0.29971988795518206
Precision:0.5
Accuracy:0.428

A, B Clean_Punctuation BERT ann
Recall:0.0
F1:0.0
Precision:0.0
Accuracy:1.0

A, B prefSufWord BERT kmeans
Recall:0.1465
F1:0.22660479505027067
Precision:0.5
Accuracy:0.293

A, B prefSufWord BERT ann
Recall:0.0
F1:0.0
Precision:0.0
Accuracy:1.0

